data/obj/123.png 174,175,392,399,0
data/obj/124.png 225,233,252,263,0
data/obj/125.png 383,160,642,415,0
data/obj/126.png 196,13,493,319,0
data/obj/162.png 249,98,402,258,0
data/obj/163.png 829,207,999,374,0
data/obj/164.png 215,124,345,260,0
data/obj/165.png 962,45,1112,198,0
data/obj/202.png 522,177,673,316,0
data/obj/203.png 301,146,337,180,0
data/obj/204.png 751,422,938,607,0
data/obj/205.png 1040,767,1297,1019,0
data/obj/220.png 224,183,344,303,0
data/obj/221.png 147,134,269,257,0
data/obj/222.png 118,338,135,359,0
data/obj/223.png 171,232,276,336,0